P(a)=0.0844837267642
P(b)=0.00896249462177
P(c)=0.032390411808
P(d)=0.0381048225368
P(e)=0.170116753083
P(f)=0.0102868144129
P(g)=0.00939712820962
P(h)=0.0078904956719
P(i)=0.0731628344527
P(j)=0.00613300079488
P(k)=0.000290241892552
P(l)=0.0540083280463
P(m)=0.0308881547762
P(n)=0.0751682746651
P(o)=0.0533695041823
P(p)=0.0292123360097
P(q)=0.0116228022198
P(r)=0.0650914845362
P(s)=0.0858226315751
P(t)=0.0682170542636
P(u)=0.0621555200653
P(v)=0.0149817322628
P(w)=0.000123972667673
P(x)=0.00448343506385
P(y)=0.00214545640173
P(z)=0.00149058901602
