P(a)=0.0828122379549
P(b)=0.0181125566017
P(c)=0.0240542418362
P(d)=0.0392994125834
P(e)=0.120842943922
P(f)=0.0219306556545
P(g)=0.0217346323147
P(h)=0.0662232183112
P(i)=0.0695686833112
P(j)=0.00118594120607
P(k)=0.00831356764657
P(l)=0.0446530277983
P(m)=0.024688050635
P(n)=0.0678839716071
P(o)=0.0732909487312
P(p)=0.0186113270998
P(q)=0.00170104698244
P(r)=0.0545957672027
P(s)=0.0666294222321
P(t)=0.0932341455234
P(u)=0.0285584225784
P(v)=0.00927408201181
P(w)=0.0239224705911
P(x)=0.00111842205567
P(y)=0.0170888791603
P(z)=0.000671924448249
