P(a)=0.0586235407305
P(b)=0.0220400091492
P(c)=0.0276123115755
P(d)=0.0508858634755
P(e)=0.167926464476
P(f)=0.0188902921254
P(g)=0.0322590119376
P(h)=0.0423525244461
P(i)=0.0856137409186
P(j)=0.00237274529122
P(k)=0.0154860345339
P(l)=0.037881154475
P(m)=0.0256988073083
P(n)=0.0886869177718
P(o)=0.0256783372627
P(p)=0.0111187947949
P(q)=0.00031595070457
P(r)=0.0779000937172
P(s)=0.0665436683924
P(t)=0.0662268276858
P(u)=0.0374174634409
P(v)=0.00904687017452
P(w)=0.0162185061673
P(x)=0.000644361436926
P(y)=0.00100570224272
P(z)=0.0115540057654
